============================================================================================================================================================================================================================
PURE_RATCHET EXIT OPTIMIZATION — 977-trade entry config
============================================================================================================================================================================================================================

Entry config: B2 X=0.75 N=15 D=70 strict BAND_K=0.25 + conf_N=5 conf_D=75 HALF, chained Mode 1
Exit:         pure_ratchet yellow + green-decay target on 20-min bars
              red_intercept=0.0 red_drift=0.45 ATR_yellow_len=14 ATR_green_len=13
              force_close at 16:00 ET

Sweep: 7x6x6x5 = 1260 combos
Robustness gate: positive total in BOTH IS and OOS

Robust configs: 1260/1260

============================================================================================================================================================================================================================
TOP 25 ROBUST (sorted by min Sharpe descending)
============================================================================================================================================================================================================================
 ymult  gmult  gbase  gdecay  is_total  is_pf_capped  is_sharpe  is_wr   is_mdd  oos_total  oos_pf_capped  oos_sharpe  oos_wr  oos_mdd  min_pf  min_sharpe  combined_total
  2.50   2.00    200    0.00   7357.50          1.31       1.67   0.53 -1094.00    1719.00           1.31        1.70    0.50  -718.75    1.31        1.67         9076.50
  2.50   2.00    200    0.50   7348.50          1.31       1.67   0.53 -1094.00    1719.00           1.31        1.70    0.50  -718.75    1.31        1.67         9067.50
  2.50   2.50     50    1.31   6948.50          1.29       1.67   0.53 -1094.00    1804.00           1.32        1.85    0.50  -718.75    1.29        1.67         8752.50
  2.50   2.60    150    2.00   7332.00          1.31       1.67   0.53 -1094.00    1681.25           1.30        1.67    0.50  -718.75    1.30        1.67         9013.25
  2.50   2.50    150    2.00   7393.75          1.31       1.68   0.53 -1094.00    1681.25           1.30        1.67    0.50  -718.75    1.30        1.67         9075.00
  2.50   2.00    150    1.00   7264.75          1.30       1.66   0.53 -1094.00    1947.75           1.35        1.89    0.50  -718.75    1.30        1.66         9212.50
  2.50   2.00    200    1.00   7264.75          1.30       1.66   0.53 -1094.00    1719.00           1.31        1.70    0.50  -718.75    1.30        1.66         8983.75
  2.50   3.50     25    1.31   7045.00          1.29       1.65   0.53 -1094.00    1712.00           1.31        1.71    0.50  -718.75    1.29        1.65         8757.00
  2.50   1.50     50    1.31   6414.75          1.27       1.65   0.55  -935.75    2175.75           1.40        2.33    0.52  -697.75    1.27        1.65         8590.50
  2.50   3.50     50    1.31   7148.50          1.30       1.65   0.53 -1094.00    1893.25           1.34        1.86    0.50  -718.75    1.30        1.65         9041.75
  2.50   2.00    200    1.31   7252.50          1.30       1.65   0.53 -1094.00    1691.50           1.30        1.68    0.50  -718.75    1.30        1.65         8944.00
  2.50   2.00    200    2.00   7251.50          1.30       1.65   0.53 -1094.00    1717.00           1.31        1.70    0.50  -718.75    1.30        1.65         8968.50
  2.50   3.50    150    1.31   7330.00          1.31       1.67   0.53 -1094.00    1663.50           1.30        1.65    0.50  -718.75    1.30        1.65         8993.50
  2.50   3.50     25    1.00   7069.25          1.29       1.65   0.53 -1094.00    1719.75           1.31        1.72    0.50  -718.75    1.29        1.65         8789.00
  2.50   2.00    150    1.31   7223.75          1.30       1.65   0.53 -1094.00    1926.75           1.34        1.88    0.50  -718.75    1.30        1.65         9150.50
  2.50   2.50    150    1.31   7221.25          1.30       1.65   0.53 -1094.00    1662.00           1.30        1.66    0.50  -718.75    1.30        1.65         8883.25
  2.50   2.00    150    0.50   7186.75          1.30       1.65   0.53 -1094.00    1939.00           1.35        1.88    0.50  -718.75    1.30        1.65         9125.75
  2.50   1.00    100    1.31   6574.00          1.28       1.64   0.54  -946.25    2118.00           1.39        2.23    0.52  -718.75    1.28        1.64         8692.00
  2.50   2.50     50    1.00   6844.00          1.29       1.64   0.53 -1094.00    1840.50           1.33        1.88    0.50  -718.75    1.29        1.64         8684.50
  2.50   3.50     50    0.50   7130.50          1.30       1.64   0.53 -1094.00    1737.75           1.31        1.73    0.50  -718.75    1.30        1.64         8868.25
  2.50   2.60    150    1.31   7239.00          1.30       1.65   0.53 -1094.00    1648.50           1.29        1.64    0.50  -718.75    1.29        1.64         8887.50
  2.50   3.50     25    2.00   6957.25          1.29       1.64   0.53 -1094.00    1647.50           1.29        1.67    0.50  -718.75    1.29        1.64         8604.75
  2.50   3.50    200    1.31   7260.75          1.30       1.64   0.53 -1094.00    1652.75           1.30        1.65    0.50  -718.75    1.30        1.64         8913.50
  2.50   3.50    200    0.50   7260.75          1.30       1.64   0.53 -1094.00    1660.25           1.30        1.65    0.50  -718.75    1.30        1.64         8921.00
  2.50   3.50    200    0.00   7260.75          1.30       1.64   0.53 -1094.00    1660.25           1.30        1.65    0.50  -718.75    1.30        1.64         8921.00

============================================================================================================================================================================================================================
LONG/SHORT split for top 25:
============================================================================================================================================================================================================================
 ymult  gmult  gbase  gdecay  is_long_total  is_short_total  oos_long_total  oos_short_total
   2.5    2.0    200     0.0         5217.2          2140.2          1246.0            473.0
   2.5    2.0    200     0.5         5190.0          2158.5          1246.0            473.0
   2.5    2.5     50     1.3         5344.5          1604.0          1179.8            624.2
   2.5    2.6    150     2.0         5169.5          2162.5          1203.0            478.2
   2.5    2.5    150     2.0         5105.5          2288.2          1203.0            478.2
   2.5    2.0    150     1.0         4973.0          2291.8          1173.8            774.0
   2.5    2.0    200     1.0         5106.2          2158.5          1246.0            473.0
   2.5    3.5     25     1.3         5441.0          1604.0          1090.0            622.0
   2.5    1.5     50     1.3         4906.8          1508.0          1254.5            921.2
   2.5    3.5     50     1.3         5295.0          1853.5          1157.5            735.8
   2.5    2.0    200     1.3         5095.0          2157.5          1218.5            473.0
   2.5    2.0    200     2.0         5094.0          2157.5          1203.0            514.0
   2.5    3.5    150     1.3         5150.8          2179.2          1190.5            473.0
   2.5    3.5     25     1.0         5406.5          1662.8          1097.8            622.0
   2.5    2.0    150     1.3         4932.0          2291.8          1116.0            810.8
   2.5    2.5    150     1.3         5058.8          2162.5          1203.0            459.0
   2.5    2.0    150     0.5         4938.0          2248.8          1173.8            765.2
   2.5    1.0    100     1.3         5148.0          1426.0          1065.2           1052.8
   2.5    2.5     50     1.0         5275.8          1568.2          1216.2            624.2
   2.5    3.5     50     0.5         5110.8          2019.8          1094.2            643.5
   2.5    2.6    150     1.3         5076.5          2162.5          1230.5            418.0
   2.5    3.5     25     2.0         5415.5          1541.8          1006.2            641.2
   2.5    3.5    200     1.3         4951.8          2309.0          1194.5            458.2
   2.5    3.5    200     0.5         4951.8          2309.0          1194.5            465.8
   2.5    3.5    200     0.0         4951.8          2309.0          1194.5            465.8

============================================================================================================================================================================================================================
DEFAULT BENCHMARK (drift original): ymult=1.42 gmult=2.6 gbase=107.6 gdecay=1.31
============================================================================================================================================================================================================================
 ymult  gmult  gbase  gdecay  is_total  is_pf_capped  is_sharpe  is_wr  is_mdd  oos_total  oos_pf_capped  oos_sharpe  oos_wr  oos_mdd  min_pf  min_sharpe  combined_total
  1.42   2.60    100    1.31   4632.75          1.21       1.25   0.49 -964.75    1199.25           1.21        1.22    0.48  -785.00    1.21        1.22         5832.00