============================================================================================================================================================================================================================
RATCHET SL + FIXED TP SWEEP — realistic dedupe
============================================================================================================================================================================================================================

Entry: B2 X=0.75 N=15 D=70 strict=True BAND_K=0.25 + conf_N=5 D=75 HALF
Yellow SL: pure_ratchet at ymult * ATR_14_20min (sweep ymult=[1.5, 2.0, 2.5])
Green TP:  FIXED at entry + tp_mult * ATR_at_entry (sweep tp_mult=[1.0, 1.25, 1.5, 1.75, 2.0, 2.25, 2.5])
Force close: 16:00 ET

============================================================================================================================================================================================================================
FULL SWEEP — all combos sorted by min Sharpe descending
============================================================================================================================================================================================================================
 ymult  tp_mult  is_n  is_total  is_pf  is_sharpe  is_wr   is_mdd  is_tp  is_sl  is_fc  oos_n  oos_total  oos_pf  oos_sharpe  oos_wr  oos_mdd  oos_tp  oos_sl  oos_fc  min_pf  min_sharpe  worst_mdd  combined_total
  2.50     2.50   649   5656.90   1.31       1.90   0.56  -781.69    188    135    325    134    1769.56    1.40        2.30    0.54  -558.00      35      22      77    1.31        1.90     781.69         7426.45
  2.50     2.25   661   5132.43   1.28       1.78   0.57  -719.28    212    133    315    135    1904.92    1.44        2.54    0.56  -558.00      43      19      73    1.28        1.78     719.28         7037.35
  2.50     1.50   707   4372.37   1.25       1.70   0.62  -763.93    338    117    252    147    1094.74    1.25        1.64    0.57  -782.55      61      19      67    1.25        1.64     782.55         5467.11
  2.50     2.00   675   4338.40   1.23       1.58   0.58  -663.76    241    131    302    139    1859.05    1.43        2.58    0.57  -523.25      51      18      70    1.23        1.58     663.76         6197.45
  2.50     1.75   688   4043.48   1.22       1.49   0.60  -730.40    279    126    282    144    1494.40    1.33        2.12    0.57  -550.79      57      19      68    1.22        1.49     730.40         5537.87
  2.50     1.25   726   3438.21   1.20       1.39   0.65  -817.06    382    107    237    148    1244.81    1.31        2.03    0.61  -554.13      73      16      59    1.20        1.39     817.06         4683.02
  2.00     2.00   696   4018.41   1.22       1.48   0.56  -753.59    237    179    279    146     897.93    1.17        1.20    0.53  -548.06      49      35      62    1.17        1.20     753.59         4916.34
  2.00     2.25   682   4617.29   1.25       1.63   0.55  -914.67    206    183    292    142     926.09    1.18        1.19    0.51  -559.15      41      36      65    1.18        1.19     914.67         5543.38
  1.50     2.00   743   2694.26   1.14       1.04   0.53  -818.55    235    261    246    150     802.76    1.16        1.09    0.51  -541.63      47      47      56    1.14        1.04     818.55         3497.02
  2.00     1.75   709   3877.47   1.21       1.45   0.58  -779.94    276    169    263    152     743.73    1.14        1.02    0.54  -724.83      55      35      62    1.14        1.02     779.94         4621.20
  2.00     2.50   670   5075.16   1.28       1.74   0.53  -849.14    182    188    299    141     756.51    1.15        0.96    0.50  -521.50      34      39      68    1.15        0.96     849.14         5831.67
  1.50     2.25   729   3370.81   1.17       1.24   0.52  -879.15    205    266    257    148     730.59    1.14        0.95    0.48  -549.50      39      51      58    1.14        0.95     879.15         4101.40
  1.50     1.75   753   2259.30   1.11       0.88   0.54  -868.86    273    248    231    156     669.15    1.13        0.93    0.52  -576.74      53      47      56    1.11        0.88     868.86         2928.45
  1.50     2.50   719   3644.04   1.19       1.31   0.50  -901.04    179    273    266    146     672.18    1.13        0.86    0.47  -549.50      32      53      61    1.13        0.86     901.04         4316.22
  2.50     1.00   749   1776.51   1.11       0.77   0.67 -1147.49    438     99    212    153     628.97    1.16        1.08    0.62  -710.60      84      16      53    1.11        0.77    1147.49         2405.48
  2.00     1.25   746   3338.50   1.20       1.37   0.63  -722.15    382    148    216    156     350.22    1.07        0.54    0.58  -661.33      73      30      53    1.07        0.54     722.15         3688.72
  2.00     1.50   728   4257.46   1.24       1.68   0.61  -648.22    336    158    234    155     312.28    1.06        0.45    0.54  -950.18      61      35      59    1.06        0.45     950.18         4569.74
  1.50     1.25   786   1659.36   1.09       0.70   0.60 -1073.09    377    216    193    161     242.44    1.05        0.38    0.56  -575.17      73      42      46    1.05        0.38    1073.09         1901.80
  1.50     1.50   769   2542.70   1.13       1.03   0.57  -813.93    333    232    204    160     226.52    1.04        0.33    0.52  -776.46      59      48      53    1.04        0.33     813.93         2769.22
  2.00     1.00   767   1592.21   1.10       0.69   0.66 -1188.32    441    137    189    160    -204.95    0.96       -0.33    0.59  -716.87      84      29      47    0.96       -0.33    1188.32         1387.26
  1.50     1.00   809   -242.68   0.99      -0.11   0.62 -1466.07    434    208    167    164    -333.81    0.93       -0.54    0.57  -804.44      83      40      41    0.93       -0.54    1466.07         -576.49

============================================================================================================================================================================================================================
LOWEST WORST-CASE DRAWDOWN (prop-firm compatible)
============================================================================================================================================================================================================================
 ymult  tp_mult  is_n  is_total  is_pf  is_sharpe  is_mdd  oos_n  oos_total  oos_pf  oos_sharpe  oos_mdd  worst_mdd  combined_total
  2.50     2.00   675   4338.40   1.23       1.58 -663.76    139    1859.05    1.43        2.58  -523.25     663.76         6197.45
  2.50     2.25   661   5132.43   1.28       1.78 -719.28    135    1904.92    1.44        2.54  -558.00     719.28         7037.35
  2.00     1.25   746   3338.50   1.20       1.37 -722.15    156     350.22    1.07        0.54  -661.33     722.15         3688.72
  2.50     1.75   688   4043.48   1.22       1.49 -730.40    144    1494.40    1.33        2.12  -550.79     730.40         5537.87
  2.00     2.00   696   4018.41   1.22       1.48 -753.59    146     897.93    1.17        1.20  -548.06     753.59         4916.34
  2.00     1.75   709   3877.47   1.21       1.45 -779.94    152     743.73    1.14        1.02  -724.83     779.94         4621.20
  2.50     2.50   649   5656.90   1.31       1.90 -781.69    134    1769.56    1.40        2.30  -558.00     781.69         7426.45
  2.50     1.50   707   4372.37   1.25       1.70 -763.93    147    1094.74    1.25        1.64  -782.55     782.55         5467.11
  1.50     1.50   769   2542.70   1.13       1.03 -813.93    160     226.52    1.04        0.33  -776.46     813.93         2769.22
  2.50     1.25   726   3438.21   1.20       1.39 -817.06    148    1244.81    1.31        2.03  -554.13     817.06         4683.02
  1.50     2.00   743   2694.26   1.14       1.04 -818.55    150     802.76    1.16        1.09  -541.63     818.55         3497.02
  2.00     2.50   670   5075.16   1.28       1.74 -849.14    141     756.51    1.15        0.96  -521.50     849.14         5831.67
  1.50     1.75   753   2259.30   1.11       0.88 -868.86    156     669.15    1.13        0.93  -576.74     868.86         2928.45
  1.50     2.25   729   3370.81   1.17       1.24 -879.15    148     730.59    1.14        0.95  -549.50     879.15         4101.40
  1.50     2.50   719   3644.04   1.19       1.31 -901.04    146     672.18    1.13        0.86  -549.50     901.04         4316.22

============================================================================================================================================================================================================================
CONFIGS BY PROP-FIRM DD CAP (must hold both IS and OOS DD under the cap)
============================================================================================================================================================================================================================

--- DD cap: $5K  / 250 pts   (worst_mdd <= 250 pts AND positive both IS+OOS) ---
  NONE — no config keeps DD under this cap with positive both periods

--- DD cap: $7.5K / 375 pts  (worst_mdd <= 375 pts AND positive both IS+OOS) ---
  NONE — no config keeps DD under this cap with positive both periods

--- DD cap: $10K / 500 pts   (worst_mdd <= 500 pts AND positive both IS+OOS) ---
  NONE — no config keeps DD under this cap with positive both periods

--- DD cap: $15K / 750 pts   (worst_mdd <= 750 pts AND positive both IS+OOS) ---
  4 configs:
 ymult  tp_mult  is_n  is_total  is_pf  is_sharpe  is_mdd  oos_n  oos_total  oos_pf  oos_sharpe  oos_mdd  worst_mdd  min_pf  min_sharpe
  2.50     2.25   661   5132.43   1.28       1.78 -719.28    135    1904.92    1.44        2.54  -558.00     719.28    1.28        1.78
  2.50     2.00   675   4338.40   1.23       1.58 -663.76    139    1859.05    1.43        2.58  -523.25     663.76    1.23        1.58
  2.50     1.75   688   4043.48   1.22       1.49 -730.40    144    1494.40    1.33        2.12  -550.79     730.40    1.22        1.49
  2.00     1.25   746   3338.50   1.20       1.37 -722.15    156     350.22    1.07        0.54  -661.33     722.15    1.07        0.54