============================================================================================================================================================================================================================
VA-REVERT: QQQ 0-1 DTE  vs  0-45 DTE (alldte) GEX-level pool comparison
============================================================================================================================================================================================================================
Only QQQ g1-g10 source differs. CR/PS/HVL and all NDX levels identical in both.
Signal counts: 0-1 DTE=6218  alldte=6440
Sweep grid: N=[5, 10, 15, 20], sig_D=[0, 50, 100, 150], conf_D=[0, 50, 100, 150], sl=[0.5, 0.75, 1.0, 1.25, 1.5, 1.75, 2.0]

============================================================================================================================================================================================================================
0-1 DTE -- TOP 15 BY min(IS_PF, OOS_PF)  (n>=200 trades, both periods profitable)
============================================================================================================================================================================================================================
  5 qualifying configs
 src  N  sig_D  conf_D   sl  is_n  is_wr  is_pf  is_total   is_mdd  oos_n  oos_wr  oos_pf  oos_total  oos_mdd  all_n  all_pf  all_total  min_pf
0dte  5    100      50 0.50   200  24.50   1.17    339.47  -386.19     19   26.32    1.61     161.56  -127.56    219    1.23     501.03    1.17
0dte 10    150      50 1.25   262  43.89   1.05    267.42  -953.34     51   47.06    1.05      54.96  -326.17    313    1.05     322.38    1.05
0dte  5     50      50 2.00   366  48.91   1.04    344.31  -782.91     63   55.56    1.20     350.03  -609.40    429    1.07     694.34    1.04
0dte 10    100     100 0.75   305  32.79   1.08    347.04  -659.17     43   37.21    1.02      11.85  -358.03    348    1.07     358.89    1.02
0dte 10      0     100 0.50   789  25.10   1.01     46.83 -1040.28    163   23.93    1.09     216.33  -589.46    952    1.02     263.15    1.01

0-1 DTE -- TOP 10 BY combined total pts
============================================================================================================================================================================================================================
 src  N  sig_D  conf_D   sl  is_n  is_wr  is_pf  is_total   is_mdd  oos_n  oos_wr  oos_pf  oos_total  oos_mdd  all_n  all_pf  all_total  min_pf
0dte  5     50      50 2.00   366  48.91   1.04    344.31  -782.91     63   55.56    1.20     350.03  -609.40    429    1.07     694.34    1.04
0dte  5    100      50 0.50   200  24.50   1.17    339.47  -386.19     19   26.32    1.61     161.56  -127.56    219    1.23     501.03    1.17
0dte 10    100     100 0.75   305  32.79   1.08    347.04  -659.17     43   37.21    1.02      11.85  -358.03    348    1.07     358.89    1.02
0dte 10    150      50 1.25   262  43.89   1.05    267.42  -953.34     51   47.06    1.05      54.96  -326.17    313    1.05     322.38    1.05
0dte 10      0     100 0.50   789  25.10   1.01     46.83 -1040.28    163   23.93    1.09     216.33  -589.46    952    1.02     263.15    1.01

============================================================================================================================================================================================================================
0-45 DTE (alldte) -- TOP 15 BY min(IS_PF, OOS_PF)  (n>=200 trades, both periods profitable)
============================================================================================================================================================================================================================
  6 qualifying configs
   src  N  sig_D  conf_D   sl  is_n  is_wr  is_pf  is_total  is_mdd  oos_n  oos_wr  oos_pf  oos_total  oos_mdd  all_n  all_pf  all_total  min_pf
alldte  5    100      50 0.50   212  24.06   1.18    375.92 -357.25     21   28.57    1.69     194.51  -127.56    233    1.24     570.43    1.18
alldte  5    100      50 0.75   207  31.88   1.18    471.10 -463.15     21   42.86    1.63     229.93  -191.34    228    1.23     701.03    1.18
alldte 10    150      50 1.00   281  38.08   1.02     87.20 -871.01     55   45.45    1.04      48.16  -374.29    336    1.02     135.37    1.02
alldte 20    150     150 0.75   202  34.16   1.06    198.12 -675.67     30   36.67    1.01       9.70  -286.13    232    1.06     207.82    1.01
alldte  5    100      50 1.00   200  35.00   1.01     42.96 -874.50     20   55.00    2.83     601.17  -119.68    220    1.18     644.13    1.01
alldte  5     50      50 2.00   379  47.76   1.01    107.59 -858.90     62   54.84    1.19     332.70  -581.31    441    1.04     440.29    1.01

0-45 DTE (alldte) -- TOP 10 BY combined total pts
============================================================================================================================================================================================================================
   src  N  sig_D  conf_D   sl  is_n  is_wr  is_pf  is_total  is_mdd  oos_n  oos_wr  oos_pf  oos_total  oos_mdd  all_n  all_pf  all_total  min_pf
alldte  5    100      50 0.75   207  31.88   1.18    471.10 -463.15     21   42.86    1.63     229.93  -191.34    228    1.23     701.03    1.18
alldte  5    100      50 1.00   200  35.00   1.01     42.96 -874.50     20   55.00    2.83     601.17  -119.68    220    1.18     644.13    1.01
alldte  5    100      50 0.50   212  24.06   1.18    375.92 -357.25     21   28.57    1.69     194.51  -127.56    233    1.24     570.43    1.18
alldte  5     50      50 2.00   379  47.76   1.01    107.59 -858.90     62   54.84    1.19     332.70  -581.31    441    1.04     440.29    1.01
alldte 20    150     150 0.75   202  34.16   1.06    198.12 -675.67     30   36.67    1.01       9.70  -286.13    232    1.06     207.82    1.01
alldte 10    150      50 1.00   281  38.08   1.02     87.20 -871.01     55   45.45    1.04      48.16  -374.29    336    1.02     135.37    1.02


============================================================================================================================================================================================================================
HEAD-TO-HEAD: same (N, sig_D, conf_D, sl) -- 0-1 DTE vs alldte side by side
============================================================================================================================================================================================================================
  434 matching combos
  Of those, alldte has HIGHER min_pf in 178 combos, lower in 213, equal in 43
  Median min_pf delta (alldte - 0dte): +0.000
  Median total$ delta (alldte - 0dte): -86.4 pts
  Median trade-count delta IS:  +14
  Median trade-count delta OOS: +2

Top 15 (N, sig_D, conf_D, sl) combos by alldte_min_pf - 0dte_min_pf (where alldte wins):
 N  sig_D  conf_D   sl  is_n_0  is_pf_0  oos_pf_0  all_total_0  min_pf_0  is_n_a  is_pf_a  oos_pf_a  all_total_a  min_pf_a  d_min_pf  d_total
10    150     150 0.75      72     0.73      1.36      -254.44      0.73      74     0.87      1.36      -110.09      0.87      0.14   144.34
 5    150      50 1.50      62     1.03      1.49       195.63      1.03      62     1.16      1.79       421.63      1.16      0.13   226.00
 5    150      50 2.00      61     1.04      1.12        94.95      1.04      61     1.17      1.34       320.95      1.17      0.13   226.00
 5    150      50 1.75      61     0.99      1.28       101.53      0.99      61     1.11      1.53       327.53      1.11      0.12   226.00
15    100     150 0.50     259     0.79      1.10      -608.14      0.79     269     0.90      1.16      -224.31      0.90      0.11   383.83
10    100     150 2.00     118     0.80      1.43      -471.77      0.80     126     0.90      1.43      -169.11      0.90      0.10   302.67
10    100     150 1.75     121     0.66      1.63      -907.73      0.66     129     0.74      1.63      -668.11      0.74      0.08   239.62
15    100     150 0.75     252     0.81      2.11      -109.77      0.81     262     0.89      1.59      -110.93      0.89      0.08    -1.15
15     50     150 0.50     332     0.80      1.14      -690.47      0.80     342     0.87      1.17      -391.61      0.87      0.07   298.86
15    100     150 2.00     224     0.70      1.18     -1586.81      0.70     232     0.77      0.92     -1492.59      0.77      0.07    94.23
15    100     150 1.00     247     0.75      2.17      -431.84      0.75     256     0.82      1.69      -453.39      0.82      0.07   -21.55
10    100     150 0.75     135     0.77      1.21      -413.46      0.77     142     0.84      1.21      -295.06      0.84      0.07   118.40
15    100     150 1.75     229     0.71      1.34     -1324.96      0.71     238     0.78      1.04     -1283.05      0.78      0.06    41.90
10     50     150 0.50     222     0.80      1.08      -474.32      0.80     231     0.86      1.06      -340.53      0.86      0.06   133.79
20    150     100 1.00     297     0.83      0.97     -1069.76      0.83     307     0.89      1.02      -654.67      0.89      0.06   415.09

Top 15 where 0-1 DTE wins (alldte loses most):
 N  sig_D  conf_D   sl  is_n_0  is_pf_0  oos_pf_0  all_total_0  min_pf_0  is_n_a  is_pf_a  oos_pf_a  all_total_a  min_pf_a  d_min_pf  d_total
20    100     150 0.75     254     0.95      0.83      -438.52      0.83     263     0.95      0.59      -792.80      0.59     -0.24  -354.28
20    100     150 1.25     244     0.89      0.85      -857.54      0.85     252     0.90      0.65     -1193.71      0.65     -0.19  -336.16
20    100     150 2.00     225     1.03      0.82      -147.92      0.82     233     1.05      0.63      -444.91      0.63     -0.19  -296.99
20    100     150 1.50     233     0.91      0.81      -838.51      0.81     241     0.92      0.63     -1181.48      0.63     -0.18  -342.96
20     50     150 0.75     302     0.91      0.75      -957.41      0.75     310     0.91      0.57     -1303.09      0.57     -0.17  -345.68
20    100     150 1.75     230     0.88      0.74     -1271.85      0.74     238     0.90      0.58     -1585.38      0.58     -0.17  -313.54
20     50     150 1.00     290     0.91      0.81      -918.88      0.81     298     0.93      0.65     -1206.65      0.65     -0.16  -287.77
10      0     100 1.25     618     0.92      0.94     -1123.42      0.92     635     0.89      0.77     -2202.55      0.77     -0.15 -1079.13
20     50     150 1.25     284     0.90      0.78     -1166.71      0.78     291     0.91      0.64     -1484.04      0.64     -0.14  -317.33
20     50     150 1.50     274     0.89      0.78     -1313.40      0.78     281     0.90      0.64     -1632.41      0.64     -0.14  -319.01
20     50     150 2.00     262     0.94      0.74     -1105.44      0.74     269     0.96      0.61     -1373.68      0.61     -0.13  -268.24
20     50     150 1.75     268     0.85      0.71     -1927.06      0.71     275     0.87      0.59     -2211.53      0.59     -0.12  -284.47
20    100     150 1.00     248     0.90      1.01      -476.56      0.90     257     0.92      0.78      -778.05      0.78     -0.12  -301.49
15    100       0 1.75     725     0.83      0.83     -3816.50      0.83     746     0.84      0.73     -4504.40      0.73     -0.10  -687.89
 5      0      50 0.50     999     0.98      0.96      -340.24      0.96    1028     0.98      0.86      -690.52      0.86     -0.10  -350.28