============================================================================================================================================================================================================================
VA-REVERT  CONFIG: N=5, sig_D=50, conf_D=50, sl_mult=2.0, overshoot_cap=75.0%
============================================================================================================================================================================================================================
Total trades: 429  (IS=366  OOS=63)

============================================================================================================================================================================================================================
ENTRY-HOUR BREAKDOWN
============================================================================================================================================================================================================================

--- ALL (combined IS+OOS) ---
             n  tp  sl  hc     wr    pf  total_pts  avg_pts  median_rr  dollars_nq
entry_hour                                                                        
9           86  61  21   4  61.63  1.49     855.99     9.95       0.65     17120.0
10          99  48  37  14  48.48  1.06     167.89     1.70       1.21      3358.0
11          70  25  25  20  50.00  0.94    -107.29    -1.53       1.38     -2146.0
12          43  11  20  12  46.51  1.22     214.40     4.99       2.39      4288.0
13          28   7  13   8  46.43  0.78    -135.65    -4.84       2.89     -2713.0
14          30   4  15  11  40.00  0.77    -136.33    -4.54       2.76     -2727.0
15          41   5  10  26  43.90  0.80    -127.91    -3.12       2.77     -2558.0
16          32   0   0  32  46.88  0.75     -36.75    -1.15       3.93      -735.0

--- IS only ---
             n  tp  sl  hc     wr    pf  total_pts  avg_pts  median_rr  dollars_nq
entry_hour                                                                        
9           78  55  19   4  60.26  1.46     661.17     8.48       0.65     13223.0
10          80  40  28  12  48.75  1.19     414.82     5.19       1.23      8296.0
11          62  23  23  16  50.00  1.00      -0.60    -0.01       1.36       -12.0
12          35   9  16  10  45.71  0.86    -108.37    -3.10       2.20     -2167.0
13          21   5  12   4  33.33  0.46    -319.52   -15.22       2.67     -6390.0
14          25   4  15   6  36.00  0.54    -251.83   -10.07       3.74     -5037.0
15          39   5   8  26  46.15  0.95     -24.60    -0.63       2.70      -492.0
16          26   0   0  26  46.15  0.79     -26.75    -1.03       3.93      -535.0

--- OOS only ---
             n  tp  sl  hc     wr    pf  total_pts  avg_pts  median_rr  dollars_nq
entry_hour                                                                        
9            8   6   2   0  75.00  1.63     194.82    24.35       0.64      3896.0
10          19   8   9   2  47.37  0.69    -246.93   -13.00       1.06     -4939.0
11           8   2   2   4  50.00  0.55    -106.69   -13.34       1.98     -2134.0
12           8   2   4   2  50.00  2.50     322.77    40.35       3.14      6455.0
13           7   2   1   4  85.71  6.09     183.87    26.27       4.11      3677.0
14           5   0   0   5  60.00  3.58     115.50    23.10       2.05      2310.0
15           2   0   2   0   0.00  0.00    -103.31   -51.65       4.47     -2066.0
16           6   0   0   6  50.00  0.47     -10.00    -1.67       4.33      -200.0

============================================================================================================================================================================================================================
ENTRY-HOUR x DIRECTION
============================================================================================================================================================================================================================
           count           sum           mean       
direction   LONG SHORT    LONG   SHORT   LONG  SHORT
entry_hour                                          
9             29    57  615.74  240.25  21.23   4.21
10            33    66   93.23   74.66   2.83   1.13
11            30    40 -320.12  212.83 -10.67   5.32
12            22    21  460.99 -246.59  20.95 -11.74
13            13    15 -172.11   36.46 -13.24   2.43
14             9    21 -153.88   17.55 -17.10   0.84
15            17    24  -29.71  -98.20  -1.75  -4.09
16            11    21  -26.00  -10.75  -2.36  -0.51