============================================================================================================================================================================================================================
VA-REVERT  CONFIG: N=5, sig_D=100, conf_D=50, sl_mult=0.5, overshoot_cap=75.0%
============================================================================================================================================================================================================================
Total trades: 219  (IS=200  OOS=19)

============================================================================================================================================================================================================================
ENTRY-HOUR BREAKDOWN
============================================================================================================================================================================================================================

--- ALL (combined IS+OOS) ---
             n  tp  sl  hc     wr    pf  total_pts  avg_pts  median_rr  dollars_nq
entry_hour                                                                        
9           34  11  23   0  32.35  0.77     -95.03    -2.80       2.71     -1901.0
10          54  19  34   1  35.19  2.29     776.67    14.38       4.42     15533.0
11          35   3  31   1  11.43  0.24    -344.46    -9.84       5.91     -6889.0
12          24   3  20   1  16.67  1.63     150.70     6.28       9.45      3014.0
13          19   3  14   2  26.32  1.61      91.58     4.82      10.45      1832.0
14          23   1  21   1   8.70  0.65     -63.01    -2.74      16.55     -1260.0
15          19   2  12   5  26.32  1.08      10.33     0.54      10.66       207.0
16          11   0   0  11  36.36  0.53     -25.75    -2.34      22.19      -515.0

--- IS only ---
             n  tp  sl  hc     wr    pf  total_pts  avg_pts  median_rr  dollars_nq
entry_hour                                                                        
9           32  10  22   0  31.25  0.80     -74.98    -2.34       2.71     -1500.0
10          50  18  31   1  36.00  2.41     711.44    14.23       4.25     14229.0
11          31   3  27   1  12.90  0.27    -286.85    -9.25       5.38     -5737.0
12          21   2  18   1  14.29  0.92     -16.01    -0.76       9.32      -320.0
13          16   2  12   2  25.00  1.49      65.35     4.08      12.86      1307.0
14          22   1  20   1   9.09  0.67     -55.93    -2.54      16.65     -1119.0
15          18   2  11   5  27.78  1.21      23.20     1.29      10.52       464.0
16          10   0   0  10  30.00  0.51     -26.75    -2.68      22.45      -535.0

--- OOS only ---
            n  tp  sl  hc      wr    pf  total_pts  avg_pts  median_rr  dollars_nq
entry_hour                                                                        
9           2   1   1   0   50.00  0.53     -20.05   -10.03       2.62      -401.0
10          4   1   3   0   25.00  1.69      65.23    16.31       6.56      1305.0
11          4   0   4   0    0.00  0.00     -57.60   -14.40       8.52     -1152.0
12          3   1   2   0   33.33  5.97     166.71    55.57      14.28      3334.0
13          3   1   2   0   33.33  2.56      26.23     8.74       4.58       525.0
14          1   0   1   0    0.00  0.00      -7.08    -7.08      11.30      -142.0
15          1   0   1   0    0.00  0.00     -12.87   -12.87      17.29      -257.0
16          1   0   0   1  100.00   inf       1.00     1.00       3.03        20.0

============================================================================================================================================================================================================================
ENTRY-HOUR x DIRECTION
============================================================================================================================================================================================================================
           count           sum           mean       
direction   LONG SHORT    LONG   SHORT   LONG  SHORT
entry_hour                                          
9             11    23   -7.64  -87.40  -0.69  -3.80
10            22    32  409.93  366.74  18.63  11.46
11            20    15 -270.17  -74.29 -13.51  -4.95
12             8    16   61.11   89.59   7.64   5.60
13             7    12   19.24   72.34   2.75   6.03
14            13    10 -123.26   60.25  -9.48   6.03
15             5    14   20.45  -10.12   4.09  -0.72
16             3     8   -5.50  -20.25  -1.83  -2.53